age_AD   trsgi.0mean
1200   -.952351
1201   1.01578
1202   1.8619
1203   .3205
1204   2.43946
1205   -1.151
1206   .967963
1207   3.02439
1208   .978998
1209   -1.84629
1210   -.429967
1211   -3.12282
1212   -1.69914
1213   .294749
1214   .298428
1215   1.79936
1216   -.264422
1217   1.8104
1218   3.2488
1219   -.396858
1220   2.33279
1221   1.76257
1222   1.9833
1223   2.42107
1224   2.06791
1225   -2.96831
1226   -1.81318
1227   3.46216
1228   2.16724
1229   -2.60411
1230   -2.96463
1231   -1.44163
1232   -3.54588
1233   -2.81749
1234   .0225207
1235   -1.50416
1236   .423505
1237   -1.33863
1238   2.83678
1239   -2.36499
1240   -.0694484
1241   -.558724
1242   -3.57531
1243   2.07895
1244   -.00690941
1245   -.588154
1246   -3.46494
1247   -1.64764
1248   -.56976
1249   2.40636
1250   -1.08847
1251   -.135666
1252   2.14149
1253   2.11573
1254   2.16356
1255   1.47196
1256   .515475
1257   2.57191
1258   1.90973
1259   -2.1222
1260   .76931
1261   -1.93458
1262   -.485148
1263   -.0841634
1264   -1.49681
1265   -.0620909
1266   .596408
1267   -2.32453
1268   .427185
1269   -3.18536
1270   2.75217
1271   3.53206
1272   -.179811
1273   .743558
1274   -2.62986
1275   1.85087
1276   1.26594
1277   1.29169
1278   1.3248
1279   .132883
1280   1.2733
1281   2.01641
1282   2.43579
1283   -1.37909
1284   .3205
1285   -2.0008
1286   1.35792
1287   1.22547
1288   2.24081
1289   .890709
1290   1.50506
1291   .820812
1292   -.470434
1293   .228531
1294   1.01211
1295   .191744
1296   1.01211
1297   .327858
1298   .684698
1299   .000448116
1300   -.499863
1301   .17335
1302   -.74634
1303   -.0510546
1304   -.301211
1305   -1.74697
1306   -1.43059
1307   -1.13997
1308   -1.47106
1309   -1.47473
1310   -1.10318
1311   -.15406
1312   .118169
1313   .879672
1314   .784024
1315   -.602869
1316   -.143023
1317   .592728
1318   .048272
1319   -.00690941
1320   -.194526
1321   -.849346
1322   .475008
1323   2.53144
1324   3.36284
1325   2.55719
1326   1.41677
1327   .287392
1328   1.02315
1329   1.0305
1330   .791382
1331   1.85822
1332   .883351
1333   1.37998
1334   3.87051
1335   3.11268
1336   -1.4637
1337   -.485148
1338   -1.55199
1339   .34993
1340   -2.15899
1341   -1.98609
1342   -.382143
1343   -1.94193
1344   -.621263
1345   -1.71754
1346   -1.11053
1347   -1.11053
1348   -2.54525
1349   -1.10318
1350   -1.59981
1351   -1.18043
1352   -2.5379
1353   -1.50785
1354   -2.55262
1355   .850242
1356   1.53081
1357   -1.78375
1358   -.396858
1359   .114489
1360   .625838
1361   .88703
1362   .162313
1363   -.043697
1364   1.13351
1365   1.082
1366   .625838
1367   .0850597
1368   -.441004
1369   -.532972
1370   -.525615
1371   -1.19883
1372   -1.83158
1373   -.735304
1374   .136562
1375   -.944994
1376   -.83831
1377   -.400537
1378   .728843
1379   1.43149
1380   .91646
1381   1.00843
1382   .839206
1383   -.113594
1384   -.433646
1385   1.06361
1386   2.26657
1387   1.13351
1388   .875993
1389   1.72947
1390   1.51242
1391   -.672765
1392   .813455
1393   .0225207
1394   -.271781
1395   .478688
1396   1.26227
1397   1.37631
1398   .673662
1399   .94589
1400   .533869
1401   1.59704
1402   2.47626
1403   -.98546
1404   -.367429
1405   -.724268
1406   -.36007
1407   .817134
1408   .824491
1409   -.257065
1410   -.635978
1411   -.043697
1412   -.786807
1413   .309465
1414   -.0510546
1415   -.591833
1416   -.952351
1417   -.617584
1418   -.356392
1419   -1.30551
1420   -.385822
1421   -1.49313
1422   -1.39012
1423   -1.28344
1424   -.18349
1425   -.0841634
1426   -.0951997
1427   -.275459
1428   .140242
1429   .460294
1430   .452936
1431   .254282
1432   .614801
1433   -.0216245
1434   .390397
1435   .629517
1436   -.0620909
1437   .294749
1438   .784024
1439   .669983
1440   -.091521
1441   -.371107
1442   -.00323064
1443   .515475
1444   .91646
1445   .423505
1446   .180707
1447   -.315925
1448   .191744
1449   .199101
1450   -.216599
1451   .243247
1452   .335216
1453   -1.58142
1454   -.124629
1455   -.525615
1456   -.0731271
1457   -1.02592
1458   .114489
1459   -1.16572
1460   -.411573
1461   -1.54463
1462   -.448361
1463   -1.32022
1464   -.444682
1465   -1.63293
1466   -.647014
1467   -1.10686
1468   -1.03328
1469   -1.29816
1470   -.312246
1471   -.922922
1472   -.209241
1473   -.915563
1474   .368324
1475   -.555045
1476   -.356392
1477   -.5109
1478   .603765
1479   -.989139
1480   -.566081
1481   -.959709
1482   -.433646
1483   -.371107
1484   -1.20618
1485   .0188419
1486   .875993
1487   .0960962
1488   -.165096
1489   -.312246
1490   -.400537
1491   .338894
1492   1.64118
1493   -.257065
1494   .728843
1495   .94589
1496   .327858
1497   -.573439
1498   .784024
1499   .0703447
1500   .644232
1501   .14392
1502   .125526
1503   -.591833
1504   .622159
1505   .666304
1506   1.00475
1507   .17335
1508   .942211
1509   1.4462
1510   .997393
1511   .765631
1512   1.04154
1513   1.4462
1514   .846564
1515   1.04521
1516   1.36894
1517   -.783128
1518   1.51978
1519   -.507221
1520   1.792
1521   .714128
1522   1.71843
1523   1.2733
1524   2.18563
1525   1.35423
1526   -.172453
1527   .489723
1528   .195423
1529   -.21292
1530   .949569
1531   .305785
1532   .441899
1533   -.429967
1534   .50076
1535   .449257
1536   .58905
1537   .456615
1538   .430864
1539   -.0620909
1540   1.89869
1541   .721486
1542   1.14086
1543   .0666658
1544   1.77729
1545   .533869
1546   -.312246
1547   .342573
1548   1.13719
1549   .199101
1550   .478688
1551   -.400537
1552   .809775
1553   -.466755
1554   1.00107
1555   .563299
1556   -.128309
1557   .169671
1558   1.1188
1559   .268998
1560   .828169
1561   -.356392
1562   -1.00385
1563   -.352713
1564   -.0657696
1565   -.150382
1566   .0298783
1567   .191744
1568   .596408
1569   -.705875
1570   -.253387
1571   -.290174
1572   -.639657
1573   .353609
1574   -.702196
1575   -.249708
1576   .416148
1577   .544905
1578   .316822
1579   -.0105882
1580   .644232
1581   -.0988785
1582   -.246029
1583   .0409145
1584   .294749
1585   -.643335
1586   .519153
1587   -.0584121
1588   -.967067
1589   .460294
1590   .515475
1591   -.15406
1592   -.485148
1593   -.33064
1594   .570656
1595   -.437324
1596   .162313
1597   -.481469
1598   -.577117
1599   .257961
1600   -.0841634
1601   -.635978
1602   .537547
1603   .390397
1604   .235889
1605   .0777022
1606   .563299
1607   -.9266
1608   .140242
1609   .195423
1610   .603765
1611   -.933957
1612   .434542
1613   -.639657
1614   -.753699
1615   -.992818
1616   -.845667
1617   -1.01857
1618   -.0620909
1619   -.264422
1620   -.908206
1621   -.89717
1622   -.106236
1623   -.981781
1624   -1.07375
1625   -.845667
1626   -.485148
1627   -.967067
1628   .294749
1629   -.227635
1630   -1.12157
1631   -.0731271
1632   -1.65499
1633   -.279138
1634   -.385822
1635   -.584476
1636   -.433646
1637   .140242
1638   .0298783
1639   -.264422
1640   -.455718
1641   -.0768059
1642   -.205563
1643   -.463076
1644   .0887384
1645   -.345356
1646   .0813809
1647   -.043697
1648   -.80888
1649   -.882455
1650   -.352713
1651   -.930279
1652   -.382143
1653   -.911885
1654   .379361
1655   -1.30183
1656   -.470434
1657   -1.52256
1658   .338894
1659   -.444682
1660   -.783128
1661   -.59919
1662   -.591833
1663   -1.24665
1664   .0924176
1665   -1.51152
1666   -.669087
1667   -.260744
1668   .828169
1669   -.761056
1670   -.308568
1671   -1.19515
1672   .0997748
1673   -.992818
1674   -.301211
1675   -.978103
1676   -.621263
1677   -1.25769
1678   -.713232
1679   -.661729
1680   -.474112
1681   -1.37909
1682   -.555045
1683   -.577117
1684   -.264422
1685   -.639657
1686   -.801522
1687   -.400537
1688   -.418931
1689   -.735304
1690   -.418931
1691   -.400537
1692   -.150382
1693   -.120951
1694   .684698
1695   -.117272
1696   -.187169
1697   -.223957
1698   -.315925
1699   .188065
1700   .0188419
1701   -.367429
1702   .0298783
1703   -.120951
1704   -.028982
1705   -.385822
1706   -.308568
1707   -.0253032
1708   .909103
1709   -.514579
1710   -.205563
1711   -.205563
1712   .647911
1713   -1.00018
1714   .405112
1715   -.286495
1716   -.0694484
1717   -.356392
1718   .625838
1719   -.352713
1720   .504439
1721   -.286495
1722   .291071
1723   -.36007
1724   .20278
1725   -.24235
1726   -.146702
1727   -.727947
1728   -.735304
1729   -.518258
1730   .305785
1731   -.669087
1732   .761952
1733   -.617584
1734   -.187169
1735   .20278
1736   .261641
1737   -.223957
1738   .655268
1739   .180707
1740   .327858
1741   .0703447
1742   -.411573
1743   -.62862
1744   -.0105882
1745   -.36007
1746   -.426288
1747   -.337998
1748   -.337998
1749   .033557
1750   -.521936
1751   -.24235
1752   -.36007
1753   .033557
1754   .136562
1755   .0261994
1756   .50076
1757   -.415252
1758   .379361
1759   -.499863
1760   .408791
1761   -.886133
1762   -.205563
1763   -.0510546
1764   -.234993
1765   -.198206
1766   -.0841634
1767   .0151632
1768   -.507221
1769   .519153
1770   -.621263
1771   .0225207
1772   -.595511
1773   .132883
1774   -.0105882
1775   .0261994
1776   -.683802
1777   -.448361
1778   -.654372
1779   -.400537
1780   -.223957
1781   -.466755
1782   .243247
1783   .372003
1784   .239568
1785   -.39318
1786   -.363749
1787   -.904528
1788   -.293853
1789   .0703447
1790   -.801522
1791   -.0584121
1792   -.407894
1793   .302106
1794   .0114844
1795   .324179
1796   .151277
1797   -.573439
1798   -1.05168
1799   -.0620909
1800   -1.048
1801   -.102557
1802   .0740234
1803   -.621263
1804   -.33064
1805   .0740234
1806   -.00323064
1807   -.150382
1808   -.131988
1809   -1.151
1810   -.0179457
1811   -.591833
1812   -.194526
1813   -.62862
1814   -1.30183
1815   -.120951
1816   -.128309
1817   -.157739
1818   .625838
1819   .478688
1820   -.794164
1821   .129205
1822   -.304889
1823   -.253387
1824   -.83831
1825   -.198206
1826   -.54033
1827   -.415252
1828   -.297532
1829   -.753699
1830   .0225207
1831   -.301211
1832   -.308568
1833   -.271781
1834   .0445933
1835   .254282
1836   -.577117
1837   -.783128
1838   -.930279
1839   -.131988
1840   -.95603
1841   -.507221
1842   -1.21722
1843   -.573439
1844   -.18349
1845   -1.05536
1846   -.83831
1847   -.989139
1848   .456615
1849   -1.11053
1850   -.117272
1851   -.900849
1852   .408791
1853   -.647014
1854   -.613905
1855   -.349035
1856   -.709553
1857   .3205
1858   -.797843
1859   -.319605
1860   -1.048
1861   -.268101
1862   -.279138
1863   -.672765
1864   .294749
1865   -.109915
1866   .235889
1867   -.404216
1868   .353609
1869   -.297532
1870   .787704
1871   -.654372
1872   -.658051
1873   -1.10318
1874   .254282
1875   -1.3092
1876   -.536652
1877   -.658051
1878   -.56976
1879   -.922922
1880   -1.18412
1881   -.937636
1882   -.165096
1883   -1.13261
1884   -.411573
1885   -.444682
1886   -.374786
1887   .0445933
1888   .228531
1889   -.0326607
1890   -.363749
1891   -.492506
1892   1.00843
1893   -.466755
1894   .125526
1895   .291071
1896   .243247
1897   -.459397
1898   .772988
1899   .246925
1900   -.687481
1901   -.106236
1902   -.555045
1903   .199101
1904   .0372358
1905   -.161417
1906   .379361
1907   .88703
1908   .990035
1909   1.00475
1910   -.216599
1911   -.293853
1912   1.46827
1913   .50076
1914   -.168775
1915   .416148
1916   -.0804846
1917   .853921
1918   -.246029
1919   -.157739
1920   .335216
1921   -.485148
1922   .125526
1923   -.374786
1924   -.00323064
1925   -.635978
1926   .287392
1927   -.326962
1928   .592728
1929   .048272
1930   1.11143
1931   .666304
1932   1.21812
1933   -.165096
1934   .953247
1935   -.326962
1936   .110811
1937   1.10408
1938   .953247
1939   -.0878421
1940   2.1231
1941   .73988
1942   .890709
1943   -.731626
1944   .842885
1945   .140242
1946   .566977
1947   .235889
1948   1.9134
1949   -.499863
1950   2.60501
1951   .0409145
1952   .533869
1953   -.0253032
1954   1.81408
1955   .872315
1956   .460294
1957   .0298783
1958   1.01578
1959   .408791
1960   1.16294
1961   .721486
1962   1.02682
1963   -.0326607
1964   3.07221
1965   1.12615
1966   1.88398
1967   .379361
1968   .842885
1969   .482366
1970   1.43884
1971   .515475
1972   1.00843
1973   .386718
1974   .791382
1975   .861279
1976   .784024
1977   .55962
1978   1.55657
1979   .61848
1980   .390397
1981   1.56024
1982   1.10408
1983   1.38734
1984   .541226
1985   .754594
1986   -.282817
1987   .434542
