Year	TRW_Index
969	0.575
970	1.094
971	0.819
972	0.813
973	0.752
974	1.089
975	0.617
976	0.889
977	1.312
978	1.206
979	1.089
980	0.991
981	1.253
982	1.411
983	1.156
984	1.233
985	1.056
986	1.385
987	1.347
988	1.04
989	0.912
990	0.875
991	0.813
992	0.895
993	0.857
994	0.453
995	0.406
996	0.735
997	0.595
998	0.572
999	0.328
1000	0.477
1001	0.489
1002	0.542
1003	0.586
1004	0.451
1005	0.899
1006	0.594
1007	0.328
1008	1.009
1009	0.659
1010	0.64
1011	0.486
1012	0.516
1013	0.725
1014	0.399
1015	0.649
1016	0.467
1017	0.471
1018	0.924
1019	0.475
1020	0.406
1021	0.348
1022	0.483
1023	0.421
1024	0.32
1025	0.447
1026	0.431
1027	0.419
1028	0.41
1029	0.108
1030	0.308
1031	0.294
1032	0.322
1033	0.6
1034	0.322
1035	0.327
1036	0.211
1037	0.103
1038	0.506
1039	0.503
1040	0.506
1041	0.48
1042	0.433
1043	0.348
1044	0.46
1045	0.125
1046	0.38
1047	0.614
1048	0.558
1049	0.609
1050	0.773
1051	0.467
1052	0.548
1053	0.764
1054	0.184
1055	0.334
1056	0.301
1057	0.356
1058	0.422
1059	0.573
1060	0.726
1061	0.612
1062	0.588
1063	0.514
1064	0.746
1065	0.669
1066	0.565
1067	0.783
1068	0.692
1069	0.833
1070	0.938
1071	0.698
1072	0.729
1073	0.77
1074	0.712
1075	0.771
1076	0.654
1077	0.665
1078	0.848
1079	0.353
1080	0.336
1081	0.406
1082	0.386
1083	0.625
1084	0.646
1085	0.657
1086	0.471
1087	0.702
1088	0.592
1089	0.68
1090	0.622
1091	0.644
1092	0.666
1093	0.754
1094	0.873
1095	0.548
1096	0.506
1097	0.519
1098	0.438
1099	0.522
1100	0.439
1101	0.382
1102	0.463
1103	0.389
1104	0.317
1105	0.553
1106	0.423
1107	0.136
1108	0.348
1109	0.323
1110	0.428
1111	0.404
1112	0.398
1113	0.511
1114	0.368
1115	0.535
1116	0.53
1117	0.43
1118	0.483
1119	0.474
1120	0.59
1121	0.463
1122	0.384
1123	0.686
1124	0.642
1125	0.208
1126	0.298
1127	0.35
1128	0.341
1129	0.207
1130	0.387
1131	0.501
1132	0.399
1133	0.515
1134	0.494
1135	0.525
1136	0.455
1137	0.552
1138	0.563
1139	0.884
1140	0.699
1141	0.637
1142	0.667
1143	0.704
1144	0.545
1145	0.651
1146	0.682
1147	0.498
1148	0.714
1149	0.776
1150	0.83
1151	0.547
1152	0.419
1153	0.586
1154	0.788
1155	0.956
1156	0.909
1157	1.045
1158	0.835
1159	0.96
1160	0.903
1161	0.608
1162	0.714
1163	0.853
1164	1.173
1165	1.165
1166	1.03
1167	0.959
1168	0.911
1169	0.749
1170	0.981
1171	0.432
1172	0.685
1173	0.87
1174	0.69
1175	0.983
1176	0.97
1177	0.695
1178	0.566
1179	0.666
1180	0.288
1181	0.488
1182	0.697
1183	0.776
1184	0.706
1185	1.012
1186	0.872
1187	0.783
1188	0.907
1189	0.811
1190	0.593
1191	1.01
1192	1.079
1193	0.861
1194	1.056
1195	1.188
1196	0.897
1197	0.742
1198	1.118
1199	1.393
1200	0.765
1201	0.941
1202	0.754
1203	0.937
1204	0.958
1205	1.002
1206	0.899
1207	0.888
1208	0.989
1209	0.839
1210	1.222
1211	0.909
1212	1.019
1213	1.065
1214	1.102
1215	0.72
1216	0.637
1217	1.02
1218	0.78
1219	0.952
1220	0.987
1221	1.129
1222	1.139
1223	0.885
1224	0.94
1225	1.129
1226	1.336
1227	1.188
1228	1.153
1229	1.168
1230	1.007
1231	0.782
1232	0.946
1233	0.921
1234	0.87
1235	0.883
1236	0.834
1237	0.975
1238	0.938
1239	0.973
1240	0.925
1241	1.03
1242	0.968
1243	1.121
1244	0.986
1245	0.949
1246	1.141
1247	1.111
1248	0.6
1249	0.618
1250	0.76
1251	0.813
1252	0.775
1253	0.859
1254	0.653
1255	0.806
1256	0.84
1257	0.813
1258	0.614
1259	0.544
1260	1.015
1261	1.172
1262	1.201
1263	1.084
1264	0.846
1265	1.236
1266	0.966
1267	0.661
1268	0.684
1269	0.837
1270	0.999
1271	0.939
1272	0.908
1273	0.962
1274	1.075
1275	0.955
1276	0.842
1277	0.722
1278	0.791
1279	0.999
1280	0.859
1281	0.922
1282	1.031
1283	0.725
1284	0.96
1285	1.005
1286	0.909
1287	0.807
1288	0.77
1289	0.992
1290	1.073
1291	1.074
1292	1.242
1293	0.811
1294	0.654
1295	0.944
1296	0.951
1297	0.555
1298	0.892
1299	0.987
1300	0.825
1301	0.843
1302	0.774
1303	0.817
1304	0.889
1305	0.955
1306	1.018
1307	0.827
1308	0.881
1309	0.839
1310	0.882
1311	0.788
1312	0.801
1313	1.023
1314	0.967
1315	0.857
1316	1.17
1317	1.087
1318	1.051
1319	0.893
1320	0.888
1321	0.652
1322	0.893
1323	0.948
1324	0.786
1325	1.234
1326	0.956
1327	1.093
1328	1.221
1329	1.228
1330	1.325
1331	0.546
1332	0.785
1333	1.175
1334	1.311
1335	1.261
1336	1.052
1337	1.047
1338	0.785
1339	1.193
1340	1.283
1341	0.938
1342	0.95
1343	0.976
1344	1.03
1345	0.914
1346	0.968
1347	0.829
1348	0.864
1349	1.047
1350	0.866
1351	0.647
1352	1.063
1353	0.7
1354	0.85
1355	0.769
1356	0.928
1357	0.993
1358	0.764
1359	1.012
1360	1.08
1361	0.813
1362	0.687
1363	0.771
1364	1.023
1365	1.108
1366	0.811
1367	1.191
1368	0.737
1369	0.691
1370	0.654
1371	0.719
1372	0.833
1373	0.966
1374	0.513
1375	1.005
1376	0.877
1377	0.728
1378	0.639
1379	0.722
1380	0.995
1381	1.034
1382	0.915
1383	0.971
1384	1.037
1385	1.091
1386	1.21
1387	0.928
1388	0.492
1389	0.846
1390	0.975
1391	1.166
1392	0.907
1393	1.062
1394	1.007
1395	1.106
1396	1.094
1397	0.938
1398	0.795
1399	0.98
1400	0.722
1401	1.008
1402	0.7
1403	1.265
1404	1.058
1405	1.028
1406	0.713
1407	0.742
1408	0.973
1409	1.035
1410	0.981
1411	0.958
1412	0.891
1413	0.98
1414	1.123
1415	0.721
1416	0.901
1417	1.003
1418	1.166
1419	0.972
1420	0.918
1421	1.233
1422	0.809
1423	0.818
1424	1.148
1425	1.117
1426	0.934
1427	1.145
1428	0.923
1429	0.992
1430	0.885
1431	1.115
1432	1.132
1433	0.878
1434	0.855
1435	1.113
1436	0.965
1437	1.184
1438	0.923
1439	1.316
1440	1.007
1441	1.163
1442	1.271
1443	1.173
1444	1.192
1445	0.998
1446	1.063
1447	1.236
1448	1.167
1449	1.07
1450	1.026
1451	1.156
1452	0.988
1453	0.889
1454	0.971
1455	0.632
1456	0.653
1457	0.897
1458	0.755
1459	0.907
1460	0.982
1461	1.022
1462	1.071
1463	1.142
1464	0.915
1465	0.951
1466	1.041
1467	1.009
1468	0.839
1469	0.797
1470	0.748
1471	0.87
1472	1.085
1473	1.084
1474	1.058
1475	0.552
1476	1.03
1477	0.757
1478	0.929
1479	0.622
1480	0.874
1481	0.732
1482	0.928
1483	0.872
1484	0.982
1485	0.743
1486	1.028
1487	0.752
1488	0.774
1489	0.754
1490	0.799
1491	0.902
1492	0.909
1493	0.733
1494	0.726
1495	0.873
1496	0.976
1497	0.763
1498	0.786
1499	0.616
1500	0.728
1501	0.914
1502	0.774
1503	1.085
1504	1.251
1505	1.098
1506	1.018
1507	0.947
1508	0.702
1509	0.727
1510	1.136
1511	0.908
1512	0.975
1513	0.992
1514	1.02
1515	1.017
1516	0.989
1517	0.913
1518	0.894
1519	1.18
1520	0.903
1521	0.815
1522	0.804
1523	0.68
1524	0.729
1525	1.059
1526	0.524
1527	0.938
1528	0.997
1529	0.997
1530	0.898
1531	0.875
1532	1.125
1533	0.851
1534	1.074
1535	1.003
1536	0.843
1537	0.796
1538	0.983
1539	1.144
1540	0.969
1541	1.035
1542	0.853
1543	0.808
1544	0.684
1545	0.637
1546	0.654
1547	0.791
1548	1.104
1549	0.948
1550	1.026
1551	0.947
1552	1
1553	0.996
1554	0.653
1555	0.735
1556	0.611
1557	0.727
1558	0.877
1559	0.654
1560	0.692
1561	0.792
1562	0.442
1563	0.492
1564	0.688
1565	0.519
1566	0.791
1567	0.618
1568	0.612
1569	0.826
1570	0.833
1571	0.946
1572	0.901
1573	0.752
1574	0.696
1575	0.962
1576	0.916
1577	0.834
1578	1.115
1579	0.922
1580	1.024
1581	0.519
1582	0.826
1583	1.086
1584	1.154
1585	0.989
1586	1.068
1587	0.856
1588	0.769
1589	0.85
1590	1.112
1591	0.912
1592	0.982
1593	1.142
1594	0.955
1595	1.062
1596	1.085
1597	0.83
1598	0.514
1599	0.567
1600	0.939
1601	0.732
1602	0.566
1603	0.955
1604	0.884
1605	0.808
1606	0.911
1607	0.844
1608	0.928
1609	1.009
1610	1.088
1611	0.976
1612	0.867
1613	1.007
1614	1.266
1615	0.971
1616	0.947
1617	0.781
1618	0.807
1619	0.919
1620	0.787
1621	0.795
1622	0.743
1623	1.003
1624	0.841
1625	0.934
1626	0.955
1627	0.92
1628	0.655
1629	0.97
1630	1.115
1631	0.956
1632	0.975
1633	0.586
1634	0.883
1635	0.656
1636	0.875
1637	1.032
1638	0.974
1639	0.662
1640	0.73
1641	0.621
1642	0.598
1643	0.832
1644	0.623
1645	0.912
1646	0.805
1647	0.694
1648	0.847
1649	0.898
1650	0.899
1651	1.013
1652	0.547
1653	0.549
1654	0.579
1655	0.856
1656	0.863
1657	0.859
1658	1.025
1659	0.857
1660	0.856
1661	0.991
1662	0.83
1663	0.793
1664	0.997
1665	0.948
1666	0.808
1667	0.875
1668	0.951
1669	1.158
1670	0.844
1671	0.937
1672	0.805
1673	0.937
1674	0.919
1675	0.665
1676	0.859
1677	0.443
1678	0.603
1679	0.768
1680	0.646
1681	0.795
1682	0.972
1683	1.008
1684	0.987
1685	0.273
1686	0.758
1687	0.747
1688	0.663
1689	0.43
1690	0.627
1691	0.632
1692	0.831
1693	0.694
1694	0.812
1695	0.689
1696	0.579
1697	0.612
1698	0.69
1699	0.806
1700	0.779
1701	0.645
1702	0.864
1703	0.853
1704	0.915
1705	0.85
1706	0.966
1707	1.129
1708	0.746
1709	0.649
1710	0.777
1711	0.831
1712	0.95
1713	1.002
1714	0.868
1715	1.055
1716	1.171
1717	1.04
1718	1.092
1719	1.262
1720	1.373
1721	0.815
1722	1.12
1723	0.81
1724	1.366
1725	1.057
1726	0.998
1727	0.919
1728	1.14
1729	1.194
1730	0.981
1731	1.199
1732	0.849
1733	1.057
1734	1.131
1735	0.975
1736	0.968
1737	0.928
1738	0.939
1739	1.219
1740	1.024
1741	0.951
1742	0.797
1743	0.828
1744	1.15
1745	0.974
1746	1.139
1747	0.988
1748	1.278
1749	1.023
1750	0.85
1751	1.192
1752	1.222
1753	1.035
1754	1.164
1755	0.998
1756	1.135
1757	1.141
1758	1.009
1759	0.96
1760	1.045
1761	1.293
1762	1.072
1763	1.277
1764	1.479
1765	0.993
1766	1.223
1767	1.109
1768	1.136
1769	1.446
1770	1.256
1771	1.171
1772	1.404
1773	1.207
1774	1.321
1775	1.158
1776	1.188
1777	0.721
1778	0.938
1779	0.838
1780	1.282
1781	0.982
1782	1.304
1783	0.822
1784	1.188
1785	1.077
1786	1.101
1787	1.03
1788	0.951
1789	0.971
1790	0.978
1791	0.868
1792	1.003
1793	1.018
1794	0.572
1795	0.611
1796	1.028
1797	0.98
1798	1.023
1799	0.97
1800	0.982
1801	0.966
1802	1.185
1803	1.259
1804	1.322
1805	1.21
1806	1.32
1807	1.497
1808	1.378
1809	1.071
1810	0.799
1811	0.923
1812	1.006
1813	0.719
1814	1.116
1815	0.735
1816	0.81
1817	1.149
1818	1.183
1819	0.907
1820	0.922
1821	0.861
1822	1.322
1823	1.006
1824	1.02
1825	1.073
1826	0.571
1827	0.796
1828	0.912
1829	0.844
1830	0.561
1831	1.035
1832	1.127
1833	0.806
1834	0.988
1835	0.819
1836	1.036
1837	1.061
1838	0.992
1839	1.15
1840	1.233
1841	1.106
1842	1.386
1843	0.92
1844	1.233
1845	0.94
1846	0.956
1847	1.03
1848	1.156
1849	1.242
1850	1.136
1851	1.259
1852	1.025
1853	1.187
1854	0.821
1855	1.095
1856	0.839
1857	0.746
1858	0.995
1859	0.84
1860	1.019
1861	1.144
1862	0.994
1863	1.13
1864	1.161
1865	1.209
1866	1.163
1867	1.082
1868	1.064
1869	1.125
1870	1.536
1871	1.07
1872	1.31
1873	1.331
1874	1.383
1875	1.291
1876	1.299
1877	1.255
1878	0.993
1879	1.243
1880	0.868
1881	1.146
1882	1.124
1883	1.047
1884	0.726
1885	0.808
1886	0.648
1887	1.057
1888	0.87
1889	1.081
1890	1.091
1891	1.033
1892	1.143
1893	0.912
1894	1.086
1895	1.067
1896	1.118
1897	1.098
1898	1.159
1899	1.118
1900	1.532
1901	1.223
1902	1.004
1903	1.125
1904	1.497
1905	1.416
1906	1.326
1907	1.369
1908	1.268
1909	0.791
1910	1.104
1911	1.047
1912	1.075
1913	1.177
1914	1.011
1915	1.151
1916	1.125
1917	1.152
1918	0.823
1919	0.766
1920	0.944
1921	1.048
1922	1.093
1923	0.844
1924	0.879
1925	1.054
1926	0.839
1927	1.125
1928	1.255
1929	1.008
1930	1.151
1931	1.316
1932	0.821
1933	0.863
1934	1.212
1935	1.281
1936	0.965
1937	0.742
1938	1.124
1939	1.06
1940	0.83
1941	1.191
1942	0.916
1943	1.026
1944	1.011
1945	1.158
1946	1.073
1947	1.206
1948	1.22
1949	1.572
1950	1.265
1951	1.492
1952	1.466
1953	1.309
1954	1.434
1955	1.337
1956	1.258
1957	1.163
1958	1.28
1959	1.354
1960	1.367
1961	1.01
1962	1.254
1963	0.675
1964	0.821
1965	0.91
1966	0.987
1967	0.972
1968	1.151
1969	1.113
1970	1.264
1971	1.175
1972	0.876
1973	0.844
1974	1.1
1975	0.877
1976	1.011
1977	0.743
1978	0.909
1979	0.988
1980	0.695
1981	0.967
1982	1.224
1983	1.109
1984	1.422
1985	1.228
1986	1.269
1987	1.348
1988	1.232
1989	1.322
1990	1.237
1991	1.572
1992	1.04
1993	1.77
1994	1.314
1995	1.322
1996	1.302
1997	1.281
1998	1.634
1999	1.582
2000	1.719
2001	1.992
2002	1.914
2003	1.97
2004	1.614
2005	1.622
2006	0.773
2007	0.903
